[HIGHLIGHTING]
Zoom=13
PointLon_1=-6.60228433257679
PointLat_1=31.98437152966
PointLon_2=-6.5561074221764
PointLat_2=31.98437152966
PointLon_3=-6.5561074221764
PointLat_3=31.935581927245
PointLon_4=-6.60228433257679
PointLat_4=31.935581927245
PointLon_5=-6.60228433257679
PointLat_5=31.98437152966
